1 1	1	95
2 1	1	350
3 1	1	350
4 1	1	350
5 1	1	190
6 1	1	350
1 2	1	95
2 2	1	250
3 2	1	250
4 2	1	250
5 2	1	90
6 2	1	250
1 3	1	95
2 3	1	150
3 3	1	150
4 3	1	150
5 3	1	100
6 3	1	150
1 4	1	95
2 4	1	350
3 4	1	350
4 4	1	350
5 4	1	190
6 4	1	350
1 5	1	95
2 5	1	350
3 5	1	350
4 5	1	350
5 5	1	190
6 5	1	350
1 6	1	95
2 6	1	350
3 6	1	350
4 6	1	350
5 6	1	190
6 6	1	350
1 7	1	95
2 7	1	350
3 7	1	350
4 7	1	350
5 7	1	190
6 7	1	350
1 8	1	20
2 8	1	100
3 8	1	100
4 8	1	100
5 8	1	100
6 8	1	100
1 9	1	95
2 9	1	350
3 9	1	350
4 9	1	350
5 9	1	190
6 9	1	350
1 10	1	95
2 10	1	350
3 10	1	350
4 10	1	350
5 10	1	190
6 10	1	350
1 11	1	95
2 11	1	350
3 11	1	350
4 11	1	350
5 11	1	190
6 11	1	350
1 12	1	95
2 12	1	250
3 12	1	250
4 12	1	250
5 12	1	90
6 12	1	250
1 13	1	95
2 13	1	250
3 13	1	250
4 13	1	250
5 13	1	90
6 13	1	250
1 14	1	95
2 14	1	250
3 14	1	250
4 14	1	250
5 14	1	90
6 14	1	250




















































































